function [Y,P,QAndU2,BLVoltage,U,N,BLNodes,PQNodes,PVNodes,precision,maxIterTimes] = pf_mock_ieee5()

Y = [
1.3787+-6.2917i -0.6240+3.9002i -0.7547+2.6415i 0.0000+0.0000i 0.0000+0.0000i ;
-0.6240+3.9002i 1.4539+-66.9808i -0.8299+3.1120i 0.0000+63.4921i 0.0000+0.0000i ;
-0.7547+2.6415i -0.8299+3.1120i 1.5846+-35.7379i 0.0000+0.0000i 0.0000+31.7460i ;
0.0000+0.0000i 0.0000+63.4921i 0.0000+0.0000i 0.0000+-66.6667i 0.0000+0.0000i ;
0.0000+0.0000i 0.0000+0.0000i 0.0000+31.7460i 0.0000+0.0000i 0.0000+-33.3333i ;
];
P = [
-0.0160;
-0.0200;
-0.0370;
0.0500;
0.0000;
];
QAndU2 = [
-0.0080;
-0.0100;
-0.0130;
1.1025;
0.0000;
];
PQNodes = [
1;
2;
3;
];
PVNodes = [
4;
];
U = [
1.0500;
];
BLNodes = [
5;
];
precision = 0.00001;
maxIterTimes = 30;
N = 5;