function [Y,S,U2,N,BLNodes,PQNodes,PVNodes,precision,maxIterTimes] = pf_read_data_in_ipso_format(fileName)
N     = 5;
BLNodes = [1];
PVNodes = [];
PQNodes = [2 3 4 5];
Y = [
    6.2500-18.7500i,    -5.0000+15.0000i,   -1.2500+3.7500i,    0,                  0;
    -5.0000+15.0000i,   10.8340-32.5000i,   -1.6670+5.0000i,    -1.6670+5.0000i,    -2.5000+7.5000i;
    -1.2500+3.7500i,    -1.6670+5.0000i,    12.9170-38.7500i,   -10.0000+30.0000i,  0;
    0,                  -1.6670+5i,         -10.0000+30.0000i,  12.9170-38.7500i,   -1.2500+3.7500i;
    0,                  -2.5000+7.5000i,    0,                  -1.2500+3.7500i,    3.7500-11.2500i;
];
S = [
    0;
    0.2000+0.2000i;
    -0.4500-0.1500i;
    -0.4000-0.0500i;
    -0.6000-0.1000i;
];
U2 = [];
precision = 0.00001;
maxIterTimes = 30;

